Employee1
SLNo: 1
ID: 10001
Name: -9440
Gender: 

Age: 0.000000
salary: 60000.000000

Employee2
SLNo: 2
ID: 10002
Name: -9372
Gender: 

Age: 60000.000000
salary: 40000.000000

